15060.24096
14662.7566
14992.50375
14981.27341
14814.81481
15015.01502
14684.28781
15048.90895
14803.849
14992.50375
14760.1476
14936.51979
15174.50683
14903.12966
14914.2431
15243.90244
14630.57791
15071.59005
14936.51979
14814.81481
14914.2431
14503.26323
14858.84101
15026.29602
15015.01502
14749.26254
14792.89941
14958.86313
14847.80995
14970.05988
14662.7566
15337.42331
14760.1476
14858.84101
15082.95626
14958.86313
14936.51979
15405
14940
14850
14820
15465
15385
15225
15215
15475
14790
14950
14940
14840
14940
15405
14940
14850
14820
15465
15385
15225
15215
15475
14790
14950
14940
14840
14940
15405
14940
14850
14820
15385
15225
15215
14990
14790
14950
14940
14840
14940
15405
14940
14850
14820
15465
15385
15225
15215
15475
14790
14950
14940
14840
14940
